00000110 
01000000 
00000010 
00010011 
00000000 
00000000 
00000000 
10010011 
00000000 
10100000 
10100100 
10000011 
00000000 
00010000
10010001 
00010011 
00000000 
00100100 
10000100 
10110011 
00000000 
10010000 
10100101 
00100011 
00000000 
00010000 
10000000 
10010011 
11111110 
01000000 
11000110 
11100011
01011001
10011100
00000011
11001100
01010101
10101010
01011001
10011100
00000011
11001100
01010101
10101010
01011001
10011100
00000011
11001100
01010101
10101010
01011001
10011100
00000011
11001100
01010101
10101010
01011001
10011100
00000011
11001100
01010101
10101010
01011001
10011100
00000011
11001100
01010101
10101010
01011001
10011100
00000011
11001100
01010101
10101010
01011001
10011100
00000011
11001100
01010101
10101010
01011001
10011100
00000011
11001100
01010101
10101010
01011001
10011100
00000011
11001100
01010101
10101010
01011001
10011100
00000011
11001100
01010101
10101010
01011001
10011100
00000011
11001100
01010101
10101010
01011001
10011100
00000011
11001100
01010101
10101010
01011001
10011100
00000011
11001100
01010101
10101010
01011001
10011100
00000011
11001100
01010101
10101010
01011001
10011100
00000011
11001100
01010101
10101010
01011001
10011100
00000011
11001100
01010101
10101010
01011001
10011100
00000011
11001100
01010101
10101010
01011001
10011100
00000011
11001100
01010101
10101010
01011001
10011100
00000011
11001100
01010101
10101010
01011001
10011100
00000011
11001100
01010101
10101010
01011001
10011100
00000011
11001100
01010101
10101010
01011001
10011100
00000011
11001100
01010101
10101010
01011001
10011100
00000011
11001100
01010101
10101010
01011001
10011100
00000011
11001100
01010101
10101010
01011001
10011100
00000011
11001100
01010101
10101010
01011001
10011100
00000011
11001100
01010101
10101010
01011001
10011100
00000011
11001100
01010101
10101010
01011001
10011100
00000011
11001100
01010101
10101010
01011001
10011100
00000011
11001100
01010101
10101010
01011001
10011100
00000011
11001100
01010101
10101010
01011001
10011100
00000011
11001100
01010101
10101010
01011001
10011100
00000011
11001100
01010101
10101010
01011001
10011100
00000011
11001100
01010101
10101010
01011001
10011100
00000011
11001100
01010101
10101010
01011001
10011100
00000011
11001100
01010101
10101010
01011001
10011100
00000011
11001100
01010101
10101010
01011001
10011100
00000011
11001100
01010101
10101010
01011001
10011100
00000011
11001100
01010101
10101010
01011001
10011100
00000011
11001100
01010101
10101010
01011001
10011100
00000011
11001100
01010101
10101010
01011001
10011100
00000011
11001100
01010101
10101010
01011001
10011100
00000011
11001100
01010101
10101010
01011001
10011100
00000011
11001100
01010101
10101010
01011001
10011100
00000011
11001100
01010101
10101010
01011001
10011100
00000011
11001100
01010101
10101010
01011001
10011100
00000011
11001100
01010101
10101010
01011001
10011100
00000011
11001100
01010101
10101010
01011001
10011100
00000011
11001100
01010101
10101010
01011001
10011100
00000011
11001100
01010101
10101010
01011001
10011100
00000011
11001100
01010101
10101010
01011001
10011100
00000011
11001100
01010101
10101010
01011001
10011100
00000011
11001100
01010101
10101010
01011001
10011100
00000011
11001100
01010101
10101010
01011001
10011100
00000011
11001100
01010101
10101010
01011001
10011100
00000011
11001100
01010101
10101010
01011001
10011100
00000011
11001100
01010101
10101010
01011001
10011100
00000011
11001100
01010101
10101010
01011001
10011100
00000011
11001100
01010101
10101010
01011001
10011100
00000011
11001100
01010101
10101010
01011001
10011100
00000011
11001100
01010101
10101010
01011001
10011100
00000011
11001100
01010101
10101010
01011001
10011100
00000011
11001100
01010101
10101010
01011001
10011100
00000011
11001100
01010101
10101010
01011001
10011100
00000011
11001100
01010101
10101010
01011001
10011100
00000011
11001100
01010101
10101010
01011001
10011100
00000011
11001100
01010101
10101010
01011001
10011100
00000011
11001100
01010101
10101010
01011001
10011100
00000011
11001100
01010101
10101010
01011001
10011100
00000011
11001100
01010101
10101010
01011001
10011100
00000011
11001100
01010101
10101010
01011001
10011100
00000011
11001100
01010101
10101010
01011001
10011100
00000011
11001100
01010101
10101010
01011001
10011100
00000011
11001100
01010101
10101010
01011001
10011100
00000011
11001100
01010101
10101010
01011001
10011100
00000011
11001100
01010101
10101010
01011001
10011100
00000011
11001100
01010101
10101010
01011001
10011100
00000011
11001100
01010101
10101010
01011001
10011100
00000011
11001100
01010101
10101010
01011001
10011100
00000011
11001100
01010101
10101010
01011001
10011100
00000011
11001100
01010101
10101010
01011001
10011100
00000011
11001100
01010101
10101010
01011001
10011100
00000011
11001100
01010101
10101010
01011001
10011100
00000011
11001100
01010101
10101010
01011001
10011100
00000011
11001100
01010101
10101010
01011001
10011100
00000011
11001100
01010101
10101010
01011001
10011100
00000011
11001100
01010101
10101010
01011001
10011100
00000011
11001100
01010101
10101010
01011001
10011100
00000011
11001100
01010101
10101010
01011001
10011100
00000011
11001100
01010101
10101010
01011001
10011100
00000011
11001100
01010101
10101010
01011001
10011100
00000011
11001100
01010101
10101010
01011001
10011100
00000011
11001100
01010101
10101010
01011001
10011100
00000011
11001100
01010101
10101010
01011001
10011100
00000011
11001100
01010101
10101010
01011001
10011100
00000011
11001100
01010101
10101010
01011001
10011100
00000011
11001100
01010101
10101010
01011001
10011100
00000011
11001100
01010101
10101010
01011001
10011100
00000011
11001100
01010101
10101010
01011001
10011100
00000011
11001100
01010101
10101010
01011001
10011100
00000011
11001100
01010101
10101010
01011001
10011100
00000011
11001100
01010101
10101010
01011001
10011100
00000011
11001100
01010101
10101010
01011001
10011100
00000011
11001100
01010101
10101010
01011001
10011100
00000011
11001100
01010101
10101010
01011001
10011100
00000011
11001100
01010101
10101010
01011001
10011100
00000011
11001100
01010101
10101010
01011001
10011100
00000011
11001100
01010101
10101010
01011001
10011100
00000011
11001100
01010101
10101010
01011001
10011100
00000011
11001100
01010101
10101010
01011001
10011100
00000011
11001100
01010101
10101010
01011001
10011100
00000011
11001100
01010101
10101010
01011001
10011100
00000011
11001100
01010101
10101010
01011001
10011100
00000011
11001100
01010101
10101010
01011001
10011100
00000011
11001100
01010101
10101010
01011001
10011100
00000011
11001100
01010101
10101010
01011001
10011100
00000011
11001100
01010101
10101010
01011001
10011100
00000011
11001100
01010101
10101010
01011001
10011100
00000011
11001100
01010101
10101010
01011001
10011100
00000011
11001100
01010101
10101010
01011001
10011100
00000011
11001100
01010101
10101010
01011001
10011100
00000011
11001100
01010101
10101010
01011001
10011100
00000011
11001100
01010101
10101010
01011001
10011100
00000011
11001100
01010101
10101010
01011001
10011100
00000011
11001100
01010101
10101010
01011001
10011100
00000011
11001100
01010101
10101010
01011001
10011100
00000011
11001100
01010101
10101010
01011001
10011100
00000011
11001100
01010101
10101010
01011001
10011100
00000011
11001100
01010101
10101010
01011001
10011100
00000011
11001100
01010101
10101010
01011001
10011100
00000011
11001100
01010101
10101010
01011001
10011100
00000011
11001100
01010101
10101010
01011001
10011100
00000011
11001100
01010101
10101010
01011001
10011100
00000011
11001100
01010101
10101010
01011001
10011100
00000011
11001100
01010101
10101010
01011001
10011100
00000011
11001100
01010101
10101010
01011001
10011100
00000011
11001100
01010101
10101010
01011001
10011100
00000011
11001100
01010101
10101010
01011001
10011100
00000011
11001100
01010101
10101010
01011001
10011100
00000011
11001100
01010101
10101010
01011001
10011100
00000011
11001100
01010101
10101010
01011001
10011100
00000011
11001100
01010101
10101010
01011001
10011100
00000011
11001100
01010101
10101010
01011001
10011100
00000011
11001100
01010101
10101010
01011001
10011100
00000011
11001100
01010101
10101010
01011001
10011100
00000011
11001100
01010101
10101010
01011001
10011100
00000011
11001100
01010101
10101010
01011001
10011100
00000011
11001100
01010101
10101010
01011001
10011100
00000011
11001100
01010101
10101010
01011001
10011100
00000011
11001100
01010101
10101010
01011001
10011100
00000011
11001100
01010101
10101010
01011001
10011100
00000011
11001100
01010101
10101010
01011001
10011100
00000011
11001100
01010101
10101010
01011001
10011100
00000011
11001100
01010101
10101010
01011001
10011100
00000011
11001100
01010101
10101010
01011001
10011100
00000011
11001100
01010101
10101010
01011001
10011100
00000011
11001100
01010101
10101010
01011001
10011100
00000011
11001100
01010101
10101010
01011001
10011100
00000011
11001100
01010101
10101010
01011001
10011100
00000011
11001100
01010101
10101010
01011001
10011100
00000011
11001100
01010101
10101010
01011001
10011100
00000011
11001100
01010101
10101010
01011001
10011100
00000011
11001100
01010101
10101010
01011001
10011100
00000011
11001100
01010101
10101010
01011001
10011100
00000011
11001100
01010101
10101010
01011001
10011100
00000011
11001100